100000 0.42977
200000 0.45097
300000 0.46299
400000 0.4618
500000 0.46478
600000 0.47213
700000 0.46813
800000 0.46952
900000 0.46857
1000000 0.46816
1100000 0.47162
1200000 0.4715
1300000 0.47483
1400000 0.47282
1500000 0.47328
1600000 0.47042
1700000 0.47434
1800000 0.47423
1900000 0.47198
2000000 0.47519
2100000 0.47189
2200000 0.47394
2300000 0.47361
2400000 0.47543
2500000 0.47541
2600000 0.4746
2700000 0.47413
2800000 0.47346
2900000 0.47337
3000000 0.47335
3100000 0.4725
3200000 0.47564
3300000 0.47638
3400000 0.47426
3500000 0.47425
3600000 0.47324
3700000 0.47779
3800000 0.47516
3900000 0.47757
4000000 0.47553
4100000 0.47456
4200000 0.47569
4300000 0.47365
4400000 0.47705
4500000 0.4759
4600000 0.47492
4700000 0.47698
4800000 0.47609
4900000 0.47398
5000000 0.47714
5100000 0.47417
5200000 0.47285
5300000 0.47555
5400000 0.47602
5500000 0.48015
5600000 0.47598
5700000 0.47339
5800000 0.47466
5900000 0.47651
6000000 0.47813
6100000 0.47483
6200000 0.47459
6300000 0.47622
6400000 0.47547
6500000 0.47721
6600000 0.47707
6700000 0.47514
6800000 0.47571
6900000 0.47367
7000000 0.4781
7100000 0.47779
7200000 0.47881
7300000 0.47496
7400000 0.47633
7500000 0.47536
7600000 0.47518
7700000 0.47444
7800000 0.47666
7900000 0.47446
8000000 0.47994
8100000 0.47648
8200000 0.47932
8300000 0.47311
8400000 0.47532
8500000 0.47753
8600000 0.47583
8700000 0.47677
8800000 0.47704
8900000 0.47797
9000000 0.47774
9100000 0.47817
9200000 0.47789
9300000 0.47907
9400000 0.47876
9500000 0.47753
9600000 0.47894
9700000 0.47737
9800000 0.48224
9900000 0.47605
10000000 0.47536
100000 0.43303
200000 0.44999
300000 0.46133
400000 0.463
500000 0.46825
600000 0.46966
700000 0.46884
800000 0.47054
900000 0.46981
1000000 0.47474
1100000 0.4712
1200000 0.47715
1300000 0.47313
1400000 0.474
1500000 0.47625
1600000 0.47465
1700000 0.47656
1800000 0.47538
1900000 0.47513
2000000 0.47293
2100000 0.47548
2200000 0.47425
2300000 0.47462
2400000 0.47539
2500000 0.47763
2600000 0.47651
2700000 0.47643
2800000 0.47536
2900000 0.4778
3000000 0.47498
3100000 0.4766
3200000 0.47705
3300000 0.47652
3400000 0.48006
3500000 0.47936
3600000 0.47514
3700000 0.47536
3800000 0.47407
3900000 0.47578
4000000 0.47719
4100000 0.47691
4200000 0.47739
4300000 0.47599
4400000 0.47804
4500000 0.47348
4600000 0.47465
4700000 0.47884
4800000 0.47856
4900000 0.47904
5000000 0.47672
5100000 0.47773
5200000 0.47649
5300000 0.47855
5400000 0.47365
5500000 0.47866
5600000 0.47941
5700000 0.47769
5800000 0.47531
5900000 0.47729
6000000 0.47432
6100000 0.47806
6200000 0.47738
6300000 0.47511
6400000 0.47645
6500000 0.47466
6600000 0.47755
6700000 0.47929
6800000 0.47557
6900000 0.47773
7000000 0.4756
7100000 0.4783
7200000 0.4776
7300000 0.47622
7400000 0.47702
7500000 0.47622
7600000 0.47764
7700000 0.47784
7800000 0.47909
7900000 0.47657
8000000 0.47906
8100000 0.47634
8200000 0.47741
8300000 0.47686
8400000 0.47727
8500000 0.47881
8600000 0.47859
8700000 0.47662
8800000 0.47933
8900000 0.47693
9000000 0.47535
9100000 0.477
9200000 0.47684
9300000 0.47524
9400000 0.47669
9500000 0.47522
9600000 0.47813
9700000 0.47832
9800000 0.47421
9900000 0.48017
10000000 0.47819
