100000 0.43041
200000 0.45332
300000 0.46013
400000 0.46562
500000 0.46674
600000 0.47349
700000 0.47013
800000 0.47425
900000 0.47045
1000000 0.47152
1100000 0.4735
1200000 0.47391
1300000 0.47359
1400000 0.47321
1500000 0.47799
1600000 0.47619
1700000 0.47633
1800000 0.47508
1900000 0.4774
2000000 0.47665
2100000 0.47309
2200000 0.47664
2300000 0.47615
2400000 0.47468
2500000 0.47494
2600000 0.47759
2700000 0.47828
2800000 0.47613
2900000 0.4783
3000000 0.47449
3100000 0.47579
3200000 0.48094
3300000 0.47806
3400000 0.47723
3500000 0.47851
3600000 0.47637
3700000 0.48016
3800000 0.47843
3900000 0.47996
4000000 0.47936
4100000 0.48005
4200000 0.47662
4300000 0.47518
4400000 0.47757
4500000 0.4753
4600000 0.47961
4700000 0.47833
4800000 0.47803
4900000 0.47888
5000000 0.4757
5100000 0.47604
5200000 0.47795
5300000 0.47764
5400000 0.47662
5500000 0.4778
5600000 0.47831
5700000 0.47611
5800000 0.48013
5900000 0.477
6000000 0.4768
6100000 0.47582
6200000 0.47467
6300000 0.47828
6400000 0.47672
6500000 0.47344
6600000 0.47538
6700000 0.47483
6800000 0.4763
6900000 0.47862
7000000 0.47733
7100000 0.47642
7200000 0.47789
7300000 0.47787
7400000 0.47834
7500000 0.47887
7600000 0.47833
7700000 0.47695
7800000 0.47901
7900000 0.47727
8000000 0.47646
8100000 0.4764
8200000 0.47677
8300000 0.47801
8400000 0.47469
8500000 0.47595
8600000 0.4784
8700000 0.47839
8800000 0.47584
8900000 0.47717
9000000 0.47709
9100000 0.47964
9200000 0.4755
9300000 0.47718
9400000 0.47698
9500000 0.47784
9600000 0.47926
9700000 0.48211
9800000 0.48099
9900000 0.47726
10000000 0.48001
100000 0.42105
200000 0.44803
300000 0.45753
400000 0.46212
500000 0.46752
600000 0.46696
700000 0.46955
800000 0.46724
900000 0.47081
1000000 0.47306
1100000 0.46897
1200000 0.46969
1300000 0.47078
1400000 0.47323
1500000 0.47393
1600000 0.47125
1700000 0.47459
1800000 0.47237
1900000 0.47284
2000000 0.475
2100000 0.4727
2200000 0.47342
2300000 0.47379
2400000 0.47673
2500000 0.47728
2600000 0.47449
2700000 0.47422
2800000 0.4745
2900000 0.47606
3000000 0.47203
3100000 0.47481
3200000 0.47558
3300000 0.47509
3400000 0.47572
3500000 0.47523
3600000 0.4754
3700000 0.47413
3800000 0.47396
3900000 0.47627
4000000 0.47785
4100000 0.47492
4200000 0.47344
4300000 0.47512
4400000 0.47336
4500000 0.47513
4600000 0.47649
4700000 0.47816
4800000 0.47575
4900000 0.47514
5000000 0.47574
5100000 0.4785
5200000 0.47484
5300000 0.47755
5400000 0.47752
5500000 0.48123
5600000 0.47702
5700000 0.47742
5800000 0.47744
5900000 0.47371
6000000 0.47607
6100000 0.47488
6200000 0.47736
6300000 0.4758
6400000 0.47905
6500000 0.4751
6600000 0.47323
6700000 0.47747
6800000 0.47748
6900000 0.47752
7000000 0.47639
7100000 0.47853
7200000 0.47509
7300000 0.47365
7400000 0.47646
7500000 0.4781
7600000 0.47831
7700000 0.47791
7800000 0.47593
7900000 0.4771
8000000 0.47542
8100000 0.47774
8200000 0.4795
8300000 0.47696
8400000 0.47592
8500000 0.47532
8600000 0.47729
8700000 0.47926
8800000 0.4776
8900000 0.47558
9000000 0.47824
9100000 0.47672
9200000 0.47732
9300000 0.47571
9400000 0.47697
9500000 0.47712
9600000 0.47576
9700000 0.47658
9800000 0.4767
9900000 0.47727
10000000 0.47873
