100000 0.42006
200000 0.443
300000 0.45253
400000 0.45765
500000 0.46055
600000 0.46289
700000 0.46402
800000 0.46194
900000 0.46809
1000000 0.47084
1100000 0.46966
1200000 0.47071
1300000 0.47131
1400000 0.47219
1500000 0.47393
1600000 0.47128
1700000 0.47243
1800000 0.47349
1900000 0.47742
2000000 0.47471
2100000 0.47695
2200000 0.47271
2300000 0.47495
2400000 0.47562
2500000 0.47233
2600000 0.47721
2700000 0.47696
2800000 0.47505
2900000 0.47397
3000000 0.47685
3100000 0.47544
3200000 0.47385
3300000 0.47744
3400000 0.47402
3500000 0.47403
3600000 0.47222
3700000 0.47929
3800000 0.47327
3900000 0.47713
4000000 0.47726
4100000 0.47653
4200000 0.47535
4300000 0.4763
4400000 0.47613
4500000 0.47726
4600000 0.47634
4700000 0.47451
4800000 0.4755
4900000 0.47584
5000000 0.47343
5100000 0.47724
5200000 0.47306
5300000 0.47688
5400000 0.47723
5500000 0.47774
5600000 0.47589
5700000 0.47537
5800000 0.47641
5900000 0.4776
6000000 0.4765
6100000 0.47764
6200000 0.47534
6300000 0.47708
6400000 0.47825
6500000 0.47799
6600000 0.47588
6700000 0.47802
6800000 0.47957
6900000 0.47648
7000000 0.47793
7100000 0.47861
7200000 0.47567
7300000 0.47556
7400000 0.47978
7500000 0.47723
7600000 0.47963
7700000 0.47824
7800000 0.47842
7900000 0.47673
8000000 0.4773
8100000 0.47845
8200000 0.47643
8300000 0.47757
8400000 0.47616
8500000 0.47949
8600000 0.47673
8700000 0.47744
8800000 0.47509
8900000 0.47902
9000000 0.47881
9100000 0.47655
9200000 0.47565
9300000 0.47746
9400000 0.47706
9500000 0.47712
9600000 0.47847
9700000 0.47552
9800000 0.47551
9900000 0.47565
10000000 0.47809
