((7, 1), 1) -0.1824717896224798 123093
((10, 6), 1) -0.3994565217391308 1472
((6, 8), 1) -0.1109478324761204 1361
((4, 5), 1) 0.05144483936041089 114511
((1, 6), 1) 0.23406387872170897 111743
((2, 7), 1) 0.16885855390932636 108126
((8, 4), 1) -0.2830440587449926 1498
((7, 7), 1) -0.17475728155339826 1442
((2, 3), 0) -0.08497201847923237 1374
((2, 2), 0) -0.13007160791472033 1309
((2, 2), 1) 0.17112124247558969 106819
((9, 10), 0) 0.005881288776596664 193771
((9, 5), 0) -0.2947405715127094 162380
((9, 5), 1) -0.3602836879432626 1410
((9, 14), 0) -0.061710593483092296 108494
((9, 14), 1) -0.3831070889894422 1326
((9, 20), 0) -0.48282536184642516 1203
((9, 20), 1) 0.8412780496814116 54145
((9, 9), 0) -0.07981842366406522 187721
((9, 12), 0) 0.04197840958843815 106691
((9, 12), 1) -0.41078208048595344 1317
((9, 18), 0) -0.3124327030228034 1282
((9, 18), 1) 0.3828280365917795 77941
((8, 5), 1) -0.2761627906976746 1376
((4, 10), 0) 0.2105660476143353 117904
((4, 19), 0) -0.2859090911528925 956
((4, 19), 1) 0.6917549344407624 21431
((4, 2), 0) -0.1758652859534069 1331
((9, 8), 0) -0.15659727951618935 181326
((9, 7), 0) -0.21869348914174447 177193
((9, 7), 1) -0.3426573426573424 1430
((10, 7), 1) -0.4207573632538567 1426
((10, 4), 0) -0.3691334555321266 168109
((10, 6), 0) -0.3076408985028483 187563
((3, 5), 1) 0.10735023367794991 112976
((9, 2), 1) -0.3466873977747716 148569
((10, 1), 0) -0.4823902657096192 28760
((2, 10), 1) 0.19427710843373508 1328
((5, 10), 0) 0.18164369549981674 118447
((5, 1), 0) -0.305888228189892 1385
((5, 1), 1) 0.003418910794246084 111439
((4, 13), 0) 0.1490498166822321 26771
((4, 13), 1) 0.07630522088353404 996
((4, 17), 0) -0.1525152852946649 1039
((4, 17), 1) 0.35808592385609495 28630
((10, 1), 1) -0.4366320064085805 126081
((6, 7), 0) -0.06574760092908459 119408
((6, 14), 0) 0.042683134224172456 42442
((6, 14), 1) -0.0638686131386861 1096
((6, 7), 1) -0.09167249825052495 1429
((7, 2), 0) -0.31670712733507794 1405
((7, 8), 0) -0.05011370067787635 134517
((7, 11), 0) 0.19349615816825957 51930
((7, 11), 1) -0.2281594571670907 1179
((7, 9), 0) 0.02585334225824253 139397
((7, 2), 1) -0.1813982632166627 124483
((7, 12), 0) 0.13180221352970123 53539
((7, 12), 1) -0.14846416382252545 1172
((1, 3), 1) 0.23442195054131942 111487
((9, 4), 1) -0.3941967445152155 1413
((9, 3), 0) -0.36629068870886017 79411
((9, 9), 1) -0.3808580858085806 1515
((1, 8), 1) 0.17908902691511389 1932
((8, 2), 0) -0.33200781200608176 1646
((8, 6), 0) -0.21506105052898894 160912
((8, 15), 0) -0.07071916768667966 95297
((8, 15), 1) -0.2247272727272727 1375
((8, 5), 0) -0.24789169540197972 152822
((3, 7), 1) 0.10501725511016737 113010
((3, 5), 0) -0.07614904394366583 1388
((3, 2), 0) -0.16353762948322975 1427
((3, 2), 1) 0.10409379684488641 112072
((7, 4), 1) -0.17775196276400665 128263
((7, 10), 1) -0.19115549215406552 1402
((1, 4), 1) 0.23416086322959978 111859
((4, 7), 0) 0.0006941245871196615 1401
((4, 15), 0) -0.004057873822034621 1082
((4, 15), 1) 0.04757268048407321 28756
((4, 3), 1) 0.05235128082228263 112662
((4, 10), 1) 0.06058339566192969 1337
((3, 6), 0) -0.0006692380518068277 1391
((3, 13), 0) 0.1861432940964306 25817
((3, 13), 1) 0.09663865546218488 952
((3, 20), 0) -0.4643103769863985 844
((3, 20), 1) 0.8501073949064107 13036
((3, 10), 0) 0.2484506424959168 116855
((3, 10), 1) 0.1091954022988505 1392
((3, 4), 0) -0.08777010965485597 1388
((3, 4), 1) 0.10374729018271946 113015
((3, 11), 0) 0.33040189728270575 24453
((3, 11), 1) 0.1017119838872105 993
((2, 9), 1) 0.1839799749687111 1598
((4, 4), 1) 0.05098356190861092 113821
((9, 2), 0) -0.40281278210410654 1837
((2, 8), 1) 0.16718991655784718 107979
((6, 9), 1) -0.0532212885154061 1428
((6, 3), 1) -0.08418763591177378 119103
((1, 7), 0) 0.11908630919585131 1281
((1, 14), 0) 0.1774160142800555 982
((1, 14), 1) 0.24638254131414516 25294
((1, 11), 0) 0.4197787777311505 23149
((1, 11), 1) 0.25538461538461543 975
((1, 21), 0) -0.5340861427979747 514
((1, 21), 1) 0.9612590799031481 3304
((10, 8), 0) -0.21148311661008434 199908
((10, 5), 0) -0.3359733289359012 177376
((10, 5), 1) -0.4528914879792073 1539
((5, 9), 0) 0.10196792216559679 115162
((5, 11), 0) 0.2640669175257096 25945
((5, 11), 1) 0.008884501480750252 1013
((5, 4), 0) -0.17036123005948922 1294
((5, 4), 1) 0.008330422633601182 114520
((9, 6), 0) -0.26421796541913406 170729
((9, 16), 0) -0.1590580250834859 94653
((9, 16), 1) -0.17562724014336914 1395
((7, 6), 0) -0.17472708077508756 126497
((7, 13), 0) 0.07236978307469469 54811
((7, 13), 1) -0.16206896551724134 1160
((7, 16), 0) -0.1307102481701329 1228
((7, 16), 1) -0.015268520892078863 62416
((7, 21), 0) -0.5408641616437498 877
((7, 21), 1) 0.9502585431654625 17792
((4, 1), 1) 0.04945069751982986 111323
((7, 5), 1) -0.18325800565149966 129877
((3, 9), 1) 0.08339272986457599 1403
((5, 10), 1) -0.007352941176470586 1360
((6, 5), 0) -0.1336350788446889 6054
((6, 6), 0) -0.09846362946781188 2279
((6, 6), 1) -0.07896264915394173 122273
((1, 10), 1) 0.21194464675892208 1373
((2, 4), 1) 0.16346934774694002 107121
((5, 3), 1) 0.005361930294906235 113392
((8, 14), 0) -0.02026194128264525 101030
((8, 14), 1) -0.2583586626139821 1316
((10, 13), 0) -0.061770543973627315 126783
((10, 13), 1) -0.4393420150788213 1459
((10, 20), 0) -0.5203115064017657 1237
((10, 20), 1) 0.7815581854043363 60840
((10, 19), 0) -0.4201918840389549 1265
((10, 19), 1) 0.5366043300489373 74595
((5, 6), 0) -0.1110211926825445 1335
((5, 14), 0) 0.06016528126495179 28148
((5, 14), 1) 0.009615384615384595 1040
((5, 21), 0) -0.593375154070845 738
((5, 21), 1) 0.9422287390029331 6820
((5, 20), 0) -0.45501914713266894 861
((5, 20), 1) 0.8206606525130554 14743
((5, 13), 0) 0.12335225835966718 27595
((5, 13), 1) -0.010710808179162604 1027
((5, 5), 1) 0.00998288400218959 115097
((6, 4), 0) -0.17472191341488266 1523
((6, 12), 0) 0.17006276991237432 40031
((6, 12), 1) -0.07360861759425512 1114
((1, 2), 1) 0.2327808110587577 112273
((3, 8), 0) 0.09608269111263835 110167
((3, 8), 1) 0.05663082437275985 1395
((3, 14), 0) 0.11238331805381133 6217
((3, 14), 1) 0.11308184028090353 22214
((1, 1), 0) -0.1445401794752297 1325
((1, 10), 0) 0.34065661304780914 115099
((1, 16), 0) -0.024094308175153772 977
((1, 16), 1) 0.3216220587046168 24734
((10, 8), 1) -0.4390742001361471 1469
((5, 2), 1) 0.008937508304176393 112895
((7, 8), 1) -0.17707567964731818 1361
((8, 7), 1) -0.29452529452529425 1443
((10, 7), 0) -0.2670000523115659 192844
((7, 5), 0) -0.20804182974255578 1521
((9, 6), 1) -0.3441955193482691 1473
((9, 10), 1) -0.34707446808510695 1504
((8, 12), 0) 0.0899285697926505 95763
((8, 12), 1) -0.2670157068062834 1337
((8, 18), 0) -0.33025122582600164 1214
((8, 18), 1) 0.4869674462269116 72434
((1, 8), 0) 0.18930321256371344 107889
((1, 2), 0) -0.12135639025760109 1396
((2, 1), 1) 0.1719444288205157 106674
((4, 2), 1) 0.04949441192123472 112740
((6, 8), 0) 0.0021627423875814913 123292
((6, 4), 1) -0.08517671825403261 121606
((1, 5), 0) 0.03225414605183142 1331
((1, 17), 0) -0.08419024675412423 904
((1, 17), 1) 0.4859497487437163 24875
((7, 3), 0) -0.2759015497314598 1384
((7, 10), 0) 0.10953464461846568 143568
((7, 18), 0) -0.23292277283474286 1144
((7, 18), 1) 0.5399577539165711 45448
((6, 10), 1) -0.09510086455331403 1388
((8, 8), 0) -0.09968919971074984 171942
((8, 8), 1) -0.2503401360544217 1470
((1, 5), 1) 0.2364434843927114 112031
((7, 3), 1) -0.17610611054766795 126208
((9, 1), 1) -0.3556439294904439 145342
((8, 1), 0) -0.3810926003517349 1399
((5, 6), 1) 0.008610386551396194 114629
((9, 8), 1) -0.31671159029649576 1484
((2, 5), 1) 0.16805148558922892 107836
((7, 6), 1) -0.1885580852305897 1713
((3, 1), 0) -0.22883943372633336 1317
((1, 1), 1) 0.23357835188988446 111012
((10, 3), 0) -0.405812909107182 159775
((7, 7), 0) -0.11892155513818316 130684
((1, 6), 0) 0.05905476750968809 1330
((1, 9), 0) 0.2624300423190535 111692
((1, 9), 1) 0.1930618401206636 1326
((1, 19), 0) -0.2157734442516038 946
((1, 19), 1) 0.7704991839720926 17769
((8, 2), 1) -0.2682403433476392 143528
((2, 4), 0) -0.03632475398190562 1406
((2, 13), 0) 0.22483772526635556 16146
((2, 13), 1) 0.12436804853387232 989
((2, 7), 0) 0.09340594521161236 1380
((3, 3), 0) -0.18020640063240032 1319
((3, 3), 1) 0.1064226206847596 112711
((3, 12), 0) 0.2579465883326788 25134
((3, 12), 1) 0.16510903426791262 963
((3, 18), 0) -0.2524588402029527 1077
((3, 18), 1) 0.56573122095789 27331
((10, 2), 0) -0.43976010811903526 30302
((8, 9), 0) -0.021117058483841152 176396
((8, 7), 0) -0.166539204828395 166629
((10, 14), 0) -0.10949904547421892 120540
((10, 14), 1) -0.48034934497816545 1374
((8, 9), 1) -0.2819148936170213 1504
((8, 4), 0) -0.28295090111297755 145765
((3, 7), 0) 0.025279649140272892 1357
((9, 1), 0) -0.43557376427889316 1679
((4, 1), 0) -0.25219609296401874 1364
((4, 4), 0) -0.1216188217756792 1361
((7, 14), 0) 0.016801301642399014 56946
((7, 14), 1) -0.13197969543147217 1182
((2, 9), 0) 0.2171784679430513 104365
((4, 9), 1) 0.03397341211226004 1354
((5, 8), 0) 0.027352494045123965 105709
((5, 8), 1) 0.02097145176566095 7391
((5, 5), 0) -0.12398323597820497 1633
((5, 7), 0) -0.037383728709909 11803
((5, 7), 1) 0.0063207719615558655 103943
((5, 9), 1) 0.010447761194029865 1340
((8, 3), 0) -0.29018987533080226 2442
((8, 3), 1) -0.26153148261428505 145493
((4, 6), 1) 0.05046190086930515 113769
((9, 4), 0) -0.3289954660248227 154345
((6, 10), 0) 0.15662198785492681 131351
((6, 3), 0) -0.2091374214067033 1357
((7, 9), 1) -0.1620271234832264 1401
((2, 10), 0) 0.29563020107084914 108010
((2, 8), 0) 0.15522158541976694 1643
((8, 1), 1) -0.2640967735041241 140369
((9, 3), 1) -0.3592409490890582 72617
((4, 16), 0) -0.07424558788052038 1026
((4, 16), 1) 0.15468066491688562 28575
((4, 18), 0) -0.2516020629326661 991
((4, 18), 1) 0.5380171578801688 28908
((2, 5), 0) -0.014718189224876208 1404
((2, 15), 0) 0.04849066315948782 910
((2, 15), 1) 0.16919102970529498 17034
((5, 3), 0) -0.2053890621886739 1349
((8, 16), 0) -0.1275154921483336 87625
((8, 16), 1) -0.1846504559270519 1316
((8, 11), 0) 0.15059728815833823 92231
((8, 11), 1) -0.2567666422823702 1367
((6, 1), 0) -0.31280499486261987 1376
((10, 10), 1) -0.40932642487046567 1544
((10, 10), 0) -0.05455870138120819 212418
((7, 19), 0) -0.3739761947310889 1153
((7, 19), 1) 0.6891464412326115 36670
((4, 11), 0) 0.2939082940240143 25298
((4, 11), 1) 0.05020080321285138 996
((4, 21), 0) -0.5266003185207868 771
((4, 21), 1) 0.9464658514762894 6706
((6, 5), 1) -0.09401622632251248 118203
((10, 9), 0) -0.13908469611187851 205467
((10, 11), 0) 0.03721896372901095 122455
((10, 11), 1) -0.4015861571737567 1387
((8, 13), 0) 0.03140111876842853 97671
((8, 13), 1) -0.2676691729323304 1330
((8, 6), 1) -0.24328049620951062 1451
((1, 4), 0) 0.0071036439795449675 1325
((6, 15), 0) -0.017612067525964163 44163
((6, 15), 1) -0.15197313182199837 1191
((2, 6), 0) 0.020761952135400278 1363
((2, 12), 0) 0.29247826186839954 15775
((2, 12), 1) 0.2391546162402667 899
((8, 10), 0) 0.06384844914344702 182856
((8, 10), 1) -0.2880904856952757 1503
((9, 11), 0) 0.09728598847808614 104152
((9, 11), 1) -0.35676888556469677 1337
((4, 8), 0) 0.057844031585801134 106541
((4, 8), 1) 0.056314561812729216 6002
((5, 2), 0) -0.2386501589644425 1317
((5, 12), 0) 0.19572782260870994 26345
((5, 12), 1) 0.023483365949119376 1022
((5, 18), 0) -0.243691779653894 1044
((5, 18), 1) 0.5159620066522665 29163
((3, 1), 1) 0.10430473998003507 111203
((10, 16), 0) -0.20781773487286564 105742
((10, 16), 1) -0.2695590327169276 1406
((10, 9), 1) -0.5089820359281437 1503
((2, 1), 0) -0.19256567322521487 1350
((4, 9), 0) 0.13038385529188148 113476
((4, 14), 0) 0.07839513523724632 27165
((4, 14), 1) 0.026747195858498753 1159
((2, 6), 1) 0.16506399874131547 108049
((7, 4), 0) -0.25477594171607526 1725
((6, 9), 0) 0.07411661885533828 127064
((1, 13), 0) 0.23671795581052416 1337
((1, 13), 1) 0.2416814017039066 24884
((10, 2), 1) -0.43612510141910193 130646
((4, 3), 0) -0.16390384542078312 1373
((2, 3), 1) 0.16798739515269645 107895
((5, 15), 0) -9.745683106333441e-05 1496
((5, 15), 1) 0.012534581099081347 29279
((6, 1), 1) -0.08133815768089131 116907
((9, 19), 0) -0.3835342833815166 1273
((9, 19), 1) 0.6484136345764171 66126
((6, 2), 0) -0.26347014683367054 1360
((1, 7), 1) 0.23280527227590103 111982
((3, 6), 1) 0.10705600394741445 113492
((3, 15), 0) 0.03820080953032028 1152
((3, 15), 1) 0.09963099630996314 27642
((1, 20), 0) -0.37523724637550937 804
((1, 20), 1) 0.8721899224806217 10320
((4, 6), 0) -0.060919337616445655 1316
((4, 12), 0) 0.2162874607434077 25979
((4, 12), 1) 0.05064548162859984 1007
((5, 19), 0) -0.35409750133170553 983
((5, 19), 1) 0.676591928251123 22300
((8, 21), 0) -0.6203285455479348 1097
((8, 21), 1) 0.949246651033666 37101
((10, 12), 0) -0.011399934074642844 125083
((10, 12), 1) -0.4414814814814813 1350
((6, 16), 0) -0.07940933120425908 1121
((6, 16), 1) 0.08480347300546909 46991
((6, 18), 0) -0.23771426765783135 1117
((6, 18), 1) 0.5282606432809384 38428
((6, 2), 1) -0.09113892049045573 118665
((7, 15), 0) -0.04702033700414964 58720
((7, 15), 1) -0.1715881883479649 1253
((1, 3), 0) -0.09783698615556881 1369
((2, 11), 0) 0.37799561543061355 15258
((2, 11), 1) 0.14188422247446084 881
((5, 16), 0) -0.044512397632373184 1057
((5, 16), 1) 0.11568948794274031 29899
((7, 17), 0) -0.17715443498509775 1158
((7, 17), 1) 0.2961715670854663 54043
((2, 18), 0) -0.20416915741988476 893
((2, 18), 1) 0.5986081623024277 16956
((5, 17), 0) -0.18134417863308191 1011
((5, 17), 1) 0.3237107251756628 30172
((4, 5), 0) -0.10251463654447995 1328
((9, 13), 0) -0.01370756139432851 110087
((9, 13), 1) -0.3338246131171704 1357
((2, 14), 0) 0.13528923757349354 920
((2, 14), 1) 0.16359149136208825 17018
((3, 17), 0) -0.14632696583570984 1012
((3, 17), 1) 0.39378652052408186 27553
((10, 3), 1) -0.44319775596072936 1426
((9, 17), 0) -0.20600773356103128 1219
((9, 17), 1) 0.09963743938787144 89916
((2, 19), 0) -0.34358026451984913 885
((2, 19), 1) 0.7416750756811301 16847
((6, 19), 0) -0.3701160210757338 1052
((6, 19), 1) 0.6877040261153367 30327
((10, 4), 1) -0.414569536423841 1510
((1, 15), 0) 0.0899122610628233 1002
((1, 15), 1) 0.2272236226143321 24993
((2, 17), 0) -0.13514962985331985 872
((2, 17), 1) 0.4400236476500179 16915
((9, 21), 0) -0.5486268217528503 1087
((9, 21), 1) 0.9485410623308792 41023
((4, 7), 1) 0.05428869284882053 114149
((4, 20), 0) -0.4395209214462553 849
((4, 20), 1) 0.8357222376843865 14372
((3, 9), 0) 0.1694868432945836 113504
((6, 11), 0) 0.24158698769722237 38598
((6, 11), 1) -0.05663881151346331 1077
((6, 20), 0) -0.47004386077564664 943
((6, 20), 1) 0.8233165368758567 21830
((8, 17), 0) -0.20849301765897113 1227
((8, 17), 1) 0.19777660391855706 83296
((10, 15), 0) -0.15571674496539162 113823
((10, 15), 1) -0.45738636363636376 1408
((3, 19), 0) -0.32572409047272494 974
((3, 19), 1) 0.7198036170532542 19961
((7, 1), 0) -0.3501276638645166 1435
((1, 12), 0) 0.34158994598585646 23526
((1, 12), 1) 0.2008196721311477 976
((8, 20), 0) -0.48117975411029906 1127
((8, 20), 1) 0.8356917603299101 49468
((2, 16), 0) -0.01036046807605063 915
((2, 16), 1) 0.2628097185470304 16628
((10, 21), 0) -0.6263019629282379 1146
((10, 21), 1) 0.9507264283583996 46942
((6, 17), 0) -0.14366566892812135 1082
((6, 17), 1) 0.3410569371015773 45963
((3, 16), 0) -0.06054676959899514 973
((3, 16), 1) 0.20338365055057211 27426
((3, 21), 0) -0.5312089701833362 633
((3, 21), 1) 0.9539923954372603 5260
((1, 18), 0) -0.21066178345907788 983
((1, 18), 1) 0.6373094027954307 25184
((6, 13), 0) 0.10573605576259895 41167
((6, 13), 1) -0.0840415486307839 1059
((8, 19), 0) -0.35877739496686206 1182
((8, 19), 1) 0.7023456324684079 61007
((2, 21), 0) -0.5677318318359941 525
((2, 21), 1) 0.9574892062437738 3011
((9, 15), 0) -0.1114872880106677 101850
((9, 15), 1) -0.31304347826086937 1380
((7, 20), 0) -0.4664409799509636 1026
((7, 20), 1) 0.8352592700943454 27346
((6, 21), 0) -0.5324559767276623 829
((6, 21), 1) 0.9480647112186249 13228
((10, 17), 0) -0.2657936485725916 1327
((10, 17), 1) -0.0016159762192141788 100249
((10, 18), 0) -0.3253524143168942 1289
((10, 18), 1) 0.2706585737343419 87978
((2, 20), 0) -0.46104078103574864 790
((2, 20), 1) 0.8615477024727216 9989
